version: 1
creator: callgrind-3.11.0
pid: 6903
cmd:  ./fib
part: 1


desc: I1 cache: 
desc: D1 cache: 
desc: LL cache: 

desc: Timerange: Basic block 0 - 220956851
desc: Trigger: Program termination

positions: line
events: Ir
summary: 1319198350


ob=(1) /lib/x86_64-linux-gnu/ld-2.23.so
fl=(44) /build/glibc-Cl5G7W/glibc-2.23/elf/dl-version.c
fn=(158) match_symbol
76 33
+9 3
-8 3
-1 6
+1 3
+8 3
+6 9
+15 3
+1 6
+2 3
+5 6
+14 20
+12 21
+4 7
-30 14
+19 15
cfi=(19) /build/glibc-Cl5G7W/glibc-2.23/string/../sysdeps/x86_64/multiarch/../strcmp.S
cfn=(54) strcmp
calls=3 +11 
* 72
* 6
+35 24

fn=(156) _dl_check_map_versions
189 12
-15 36
+17 4
+3 12
-3 4
+2 4
+1 4
+2 4
-3 4
+3 4
+3 4
+4 2
-4 2
+4 8
+17 2
56 4
220 2
56 10
+1 5
-1 10
+2 21
cfi=(34) /build/glibc-Cl5G7W/glibc-2.23/elf/dl-misc.c
cfn=(106) _dl_name_match_p
calls=7 288 
* 745
* 16
228 6
+5 16
+19 1
-15 42
cfn=(158)
calls=1 76 
* 75
* 8
cfn=(158)
calls=2 76 
* 182
* 3
+7 18
+3 9
+9 12
+14 4
+3 8
+10 28
-7 112
+3 84
-3 8
+3 6
+8 9
+87 8
-81 12
cfi=(17) /build/glibc-Cl5G7W/glibc-2.23/elf/dl-minimal.c
cfn=(36) calloc
calls=3 103 
* 114
* 3
+1 3
-2 3
+2 3
+11 3
+2 3
-5 3
+3 3
+2 3
-2 3
+2 3
+3 8
+4 6
+18 1
-15 3
+2 3
-2 6
+2 6
+2 3
+1 3
-1 6
+1 3
-1 3
+1 3
+1 3
-2 3
+2 6
+1 9
+3 9
+8 6
+10 9
+3 8
+20 28
-14 60
-2 28
+7 56
+1 28
-1 84
+1 28
-1 28
+1 28
+1 28
+3 90
+10 27
183 2
-8 2
+95 4
-80 2

fn=(154) _dl_check_all_versions
380 5
+4 7
+2 28
cfn=(156)
calls=4 189 
* 2347
-2 4
+2 12
-1 4
-1 8
+5 7

fl=(26) /build/glibc-Cl5G7W/glibc-2.23/string/../sysdeps/x86_64/multiarch/../memset.S
fn=(72) memset
53 10
+1 10
+1 10
+1 10
+1 10
+2 10
+1 10
+1 8
+1 8
+15 2
+1 2
+1 2
+1 2
+1 2
+1 2
+1 2
+1 2
+1 2
+1 2
+1 2
+1 2
+1 2
+1 4
+3 2
+1 2
+1 2
+1 2
+1 2
+1 2
+1 2
-6 34
+1 34
+1 34
+1 34
+1 34
+1 34
+1 34
+1 2
+3 8
+1 8
+1 8
+1 2
+1 2
+1 1
+1 1
+3 1
+1 1
+1 1
+1 1
+2 1
+1 1
+1 1
+2 6
+1 6
+1 6

fl=(21) /build/glibc-Cl5G7W/glibc-2.23/posix/../sysdeps/unix/syscall-template.S
fn=(62) uname
84 4
+1 1

fl=(9) /build/glibc-Cl5G7W/glibc-2.23/elf/../sysdeps/unix/sysv/linux/dl-sysdep.c
fn=(60) _dl_discover_osversion
45 7
+2 3
+85 8
-45 3
cfi=(21)
cfn=(62)
calls=1 -3 
* 5
* 1
+15 1
-15 1
+20 1
-1 1
+3 12
+4 3
-2 6
+2 10
+2 1
+1 2
-3 4
+7 3
-1 3
+4 3
-2 3
+2 10
+5 2

fl=(12) /build/glibc-Cl5G7W/glibc-2.23/elf/../misc/sbrk.c
fn=(24) sbrk
34 4
+8 6
+4 2
+16 5

fl=(13) /build/glibc-Cl5G7W/glibc-2.23/elf/dl-environ.c
fn=(28) _dl_next_ld_env_entry
30 3
+3 10
+13 81
-13 243
+2 166
+1 40
+5 2
-3 2
+3 2
+2 2
-12 1
+19 1

fl=(27) /build/glibc-Cl5G7W/glibc-2.23/string/../sysdeps/x86_64/multiarch/../strchr.S
fn=(74) index
24 7
+1 7
+1 7
+1 7
+1 7
+1 7
+1 7
+1 7
+1 7
+1 7
+1 7
+1 7
+1 7
+1 7
+1 7
+1 7
+1 7
+1 5
+4 5
+1 5
+1 5
+1 5
+2 5
+4 2
+1 2
+1 2
+1 2
+1 2
+1 2
+1 2
+1 2
+1 2
+1 2
+1 2
+1 2
+1 2
+1 2
+1 2
+1 2
+1 2
+1 2
+1 2
+1 2
+1 2
+1 2
+1 2
+1 2
+52 2
+4 2
+1 2
+1 2
+1 2
+2 2

fl=(23) /build/glibc-Cl5G7W/glibc-2.23/elf/dl-hwcaps.c
fn=(66) _dl_important_hwcaps
39 6
+3 1
-3 2
+3 1
-1 1
+1 1
+9 1
-12 4
+12 2
+10 4
162 2
-47 3
cfi=(24) /build/glibc-Cl5G7W/glibc-2.23/io/../sysdeps/unix/syscall-template.S
cfn=(68) access
calls=1 -31 
* 9
* 2
+55 3
+2 2
+1 5
+4 2
+4 1
-4 1
+1 1
+3 1
+3 1
+1 1
-1 1
+4 3
+1 1
-1 9
+1 1
+18 10
+1 2
-1 1
+1 3
cfi=(17)
cfn=(40) malloc
calls=1 94 
* 29
* 1
+1 1
-1 1
+1 5
+29 1
+3 1
-3 2
+3 1
+23 7
+6 2
-1 2
+1 6
-1 8
+5 6
+3 1
-3 1
+3 1
-3 3
+3 1
-3 1
+3 5
+1 6

ob=(3) /lib/x86_64-linux-gnu/libc-2.23.so
fl=(73) /build/glibc-Cl5G7W/glibc-2.23/malloc/arena.c
fn=(298) ptmalloc_init.part.5
258 6
+13 1
-8 1
+8 1
+6 3
+2 5
+16 2
-56 83
-18 252
+2 166
+1 2
+1 2
340 2
+6 2
+1 2
+2 1
+1 7
-78 5
cfi=(74) /build/glibc-Cl5G7W/glibc-2.23/elf/dl-addr.c
cfn=(300) _dl_addr
calls=1 126 
* 57669
* 2
+1 4

fl=(49) /build/glibc-Cl5G7W/glibc-2.23/elf/../sysdeps/unix/sysv/linux/dl-vdso.c
fn=(184) _dl_vdso_vsym
27 8
+4 8
-3 8

fl=(80) /build/glibc-Cl5G7W/glibc-2.23/gmon/../sysdeps/posix/profil.c
fn=(432) __profil_counter
40 3405
+5 681
-5 681
+5 4767
+2 1362
+1 950
fi=(104) /build/glibc-Cl5G7W/glibc-2.23/gmon/../sysdeps/unix/sysv/linux/x86_64/profil-counter.h
-18 681
fe=(80)

fn=(324) profil
64 10
+9 4
+13 6
+5 1
+15 1
+3 1
-2 2
-5 3
+7 14
-8 1
+1 1
+1 1
+1 1
+2 1
+3 1
cfi=(81) /build/glibc-Cl5G7W/glibc-2.23/signal/../nptl/sigaction.c
cfn=(326) sigaction
calls=1 -75 
* 105
* 2
+3 1
+1 1
cfi=(83) /build/glibc-Cl5G7W/glibc-2.23/gmon/../sysdeps/unix/sysv/linux/prof-freq.c
cfn=(330) __profile_frequency
calls=1 -86 
* 3
* 2
+2 1
-2 1
+2 1
-2 3
+1 3
+1 1
-1 1
+1 1
cfi=(84) /build/glibc-Cl5G7W/glibc-2.23/time/../sysdeps/unix/syscall-template.S
cfn=(332) setitimer
calls=1 -31 
* 5
+1 6

ob=(1)
fl=(23)
fn=(66)
278 6
+1 4
-1 4
+1 8
-2 4
+1 8
-1 14
+4 4
+4 1
-1 1
+2 1
-2 1
+1 1
+1 1
-2 1
+2 10
+13 2
+1 1
-1 1
+3 2
-3 2
+1 1
-1 1
+3 2
+3 4
+3 1
-1 1
+1 9
113 1
+17 1
+1 1
-1 9
243 6
cfi=(25) /build/glibc-Cl5G7W/glibc-2.23/string/../sysdeps/x86_64/memcpy.S
cfn=(70) mempcpy
calls=1 61 
* 22
* 4
cfi=(25)
cfn=(70)
calls=1 61 
* 18
+1 4
cfi=(25)
cfn=(70)
calls=1 61 
* 22
* 4
cfi=(25)
cfn=(70)
calls=1 61 
* 18
* 12

fl=(39) /build/glibc-Cl5G7W/glibc-2.23/misc/../sysdeps/unix/syscall-template.S
fn=(126) mprotect
84 24
+1 6

fn=(208) munmap
84 2

ob=(3)
fl=(80)
fn=(324)
78 1
-2 2
+4 4
cfi=(84)
cfn=(332)
calls=1 +4 
* 5
* 2
+3 3
-1 1
+1 1
cfi=(81)
cfn=(326)
calls=1 -49 
* 66
+33 6

fl=(50) /build/glibc-Cl5G7W/glibc-2.23/string/../sysdeps/x86_64/multiarch/strcspn.S
fn=(190) strpbrk
45 1
+1 1
+1 1
+1 1
+1 1
+1 1

fn=(186) strcspn
45 1
+1 1
+1 1
+1 1
+1 1
+1 1

fl=(96) /build/glibc-Cl5G7W/glibc-2.23/io/../sysdeps/unix/sysv/linux/wordsize-64/fxstat.c
fn=(386) _fxstat
34 1
-1 1
+1 1
+1 6
+4 1

fl=(69) /build/glibc-Cl5G7W/glibc-2.23/stdlib/cxa_atexit.c
fn=(268) __cxa_atexit
57 10
-22 2
+22 2
-22 2
cfn=(270) __new_exitfn
calls=2 +38 
* 82
+2 4
+4 2
+3 2
+1 2
-4 4
+2 2
+4 2
+1 2
+11 8

fn=(270)
73 4
+6 2
-6 2
+6 2
-6 2
+6 8
+2 12
+2 6
+1 5
-3 1
+10 2
-10 2
+2 2
+11 2
+25 1
+1 1
-1 1
+1 1
-1 1
+7 1
+1 1
+3 2
-4 1
+1 1
+3 6
+3 10
-21 1
+1 2

fl=(85) /build/glibc-Cl5G7W/glibc-2.23/setjmp/../sysdeps/x86_64/bsd-_setjmp.S
fn=(350) _setjmp
30 1
+2 1
cfi=(86) /build/glibc-Cl5G7W/glibc-2.23/setjmp/../sysdeps/x86_64/setjmp.S
cfn=(352) __sigsetjmp
calls=1 -6 
* 28

fl=(62) /build/glibc-Cl5G7W/glibc-2.23/string/../sysdeps/x86_64/cacheinfo.c
fn=(240) init_cacheinfo
482 2
+12 1
-12 3
+12 3
+2 4
cfn=(242) handle_intel
calls=1 262 
* 455
+4 2
-4 1
+4 1
cfn=(242)
calls=1 262 
* 547
+2 1
-2 1
-1 1
+3 1
+9 2
+2 1
+1 1
+2 1
+5 2
+9 4
-9 4
+9 16
-9 12
+6 8
+69 4
+1 5
+55 2
+2 1
+1 1
+2 1
-3 1
+5 1
-5 1
+4 3
+4 2
+2 1
+1 1
+2 1
-3 1
+5 1
-5 1
+4 2
+3 1
-3 1
+3 5
532 1
+32 1
-26 6
+7 5
+2 1
+1 1
+1 2
-4 4
+2 1
+1 1
+1 6
+2 2
-6 2
+6 2
+5 1
+2 2
+1 1
-1 1
+1 3
+6 1
-1 1
+1 5

fn=(244) intel_check_word
133 8
+6 4
-7 20
+7 16
-7 4
+7 4
+2 4
-2 4
+2 4
+68 8
+3 24
-69 4
+2 8
-2 6
+2 12
+8 20
+51 16
+22 8
fi=(63) /build/glibc-Cl5G7W/glibc-2.23/string/../bits/stdlib-bsearch.h
27 8
+1 16
+3 16
+1 8
fe=(62)
+89 16
fi=(63)
-90 12
+1 6
fe=(62)
+89 12
+3 54
fi=(63)
-95 44
+2 44
-2 44
+2 80
+1 40
fe=(62)
+89 80
251 8
141 16
-6 2
256 24
fi=(63)
37 10
-8 24
fe=(62)
165 6
+3 6
+4 4
+2 4
+1 14
+2 7
-12 2
+12 2
+1 10
+1 10
+1 6
+17 3
-32 9
+3 9
+4 6
+2 6
+1 12
+2 12
+5 2
+2 4
+2 32

fn=(242)
262 4
-1 4
+17 2
-17 12
+14 2
+1 4
-3 6
+23 8
cfn=(244)
calls=2 133 
* 666
+1 4
+3 10
cfn=(244)
calls=2 133 
* 238
+1 4
-17 4
+5 2
-5 6
+5 2
+2 2
+1 2
-1 4
+27 16

fl=(82) /build/glibc-Cl5G7W/glibc-2.23/signal/../sysdeps/unix/sysv/linux/x86_64/sigaction.c
fn=(328) __libc_sigaction
47 2
+4 2
-4 2
+4 2
+3 4
-1 2
+1 4
-1 2
+1 56
+1 2
-1 2
+1 2
+7 2
-7 4
+2 4
+5 21
+3 6
+3 1
-1 1
+1 2
-1 1
+1 28
+1 1
-1 1
+1 1
+1 2
+3 4
-11 2

fl=(86)
fn=(352)
26 1
+9 1
+1 2
+1 1
+4 1
+1 1
+1 1
+1 1
+1 1
+2 2
+2 1
+1 1
+1 1
+2 2
+2 1
+9 1
cfi=(87) /build/glibc-Cl5G7W/glibc-2.23/setjmp/sigjmp.c
cfn=(354) __sigjmp_save
calls=1 -36 
* 9

fl=(59) /build/glibc-Cl5G7W/glibc-2.23/misc/init-misc.c
fn=(234) __init_misc
31 2
-1 3
+1 4
+2 3
cfi=(60) /build/glibc-Cl5G7W/glibc-2.23/string/../sysdeps/x86_64/strrchr.S
cfn=(236) rindex
calls=1 -9 
* 24
+4 5
+1 3
+2 4

ob=(1)
fl=(39)
fn=(208)
84 2
+1 1

fl=(67) /build/glibc-Cl5G7W/glibc-2.23/elf/../elf/dl-runtime.c
fn=(262) _dl_fixup
66 22
+5 22
-5 11
+3 22
+3 11
-1 22
-3 11
+5 66
+1 11
-1 11
+1 22
+5 22
+4 22
+4 33
+4 11
+1 55
+2 44
+7 22
-1 11
+1 11
+10 99
cfi=(6) /build/glibc-Cl5G7W/glibc-2.23/elf/dl-lookup.c
cfn=(172) _dl_lookup_symbol_x
calls=11 806 
* 8128
* 11
+4 55
+10 66
+16 11
-8 11
+8 33
+4 33
fi=(5) /build/glibc-Cl5G7W/glibc-2.23/elf/../sysdeps/x86_64/dl-machine.h
+90 11
fe=(67)
-86 33

fl=(6)
fn=(174) do_lookup_x
355 644
+1 92
-1 460
+48 92
-30 92
-11 92
+41 92
+7 184
-7 184
-30 368
+37 368
-44 184
+3 184
-3 386
+3 386
+4 570
+4 570
+4 570
+6 855
+8 285
-4 285
+1 285
+3 570
+1 855
+3 285
+1 570
+2 570
+8 285
-8 285
+8 2850
-99 198
553 1452
+1 70
cfi=(34)
cfn=(106)
calls=35 288 
* 3225
* 105
+3 594
+3 5
+1 736
-92 174
+50 644
+4 39
+12 174
+1 87
+1 174
413 546
+2 182
+2 1183
+13 264
-10 875
+2 174
+1 435
-1 87
+1 609
-1 87
+1 261
cfn=(176) check_match
calls=87 92 
* 7584
+4 261
+34 8
+94 28
439 783

fn=(176)
92 696
+3 609
+12 522
+3 432
cfi=(19)
cfn=(54)
calls=21 +34 
* 819
* 42
+5 87
-1 87
+1 87
+2 170
+19 170
+1 680
+46 87
-7 87
+7 435
-18 4
+2 2
+1 8
-1 10
-29 255
cfi=(19)
cfn=(54)
calls=85 +6 
* 2040
* 255

fn=(172)
806 1012
568 92
806 368
568 460
+1 92
-1 92
+1 276
-1 276
+1 1128
-1 1128
+1 3384
-1 3568
808 92
+4 92
+4 92
-8 92
+1 184
+7 262
+7 92
-2 92
+2 92
-2 92
+6 92
-7 92
+7 184
-7 552
+15 5
-8 25
+2 1288
cfn=(174)
calls=92 355 
* 34542
+3 276
+26 184
+22 87
+1 609
+31 87
+9 435
+14 261
+3 348
+5 87
+2 736
-85 35
+16 5
+1 10
+59 2

fn=(10) _dl_setup_hash
956 12
+4 4
+4 8
+2 4
-1 4
+3 12
+1 4
+1 4
+3 4
-3 4
+7 4
-4 4
-1 4
+3 4
+2 4
-7 4
+7 4
+1 4

fl=(10) /build/glibc-Cl5G7W/glibc-2.23/elf/../sysdeps/unix/sysv/linux/x86_64/brk.c
fn=(18) brk
31 7
+8 1
-6 2
+7 1

fl=(37) /build/glibc-Cl5G7W/glibc-2.23/misc/../sysdeps/unix/sysv/linux/wordsize-64/mmap.c
fn=(122) mmap
33 8
-1 80
+1 20
+1 80
+2 56
-3 18

fl=(45) /build/glibc-Cl5G7W/glibc-2.23/elf/dl-reloc.c
fn=(166) _dl_relocate_object
149 40
+15 4
-15 8
+15 4
+1 24
+6 8
+6 12
-18 8
+22 8
+7 4
-32 4
+32 4
+44 4
fi=(5)
76 12
fe=(45)
232 8
fi=(5)
76 12
+6 6
+4 9
+14 3
-8 3
+10 3
-2 6
+20 6
+9 3
fe=(45)
258 164
-98 18
fi=(5)
301 24
fe=(45)
-43 3
fi=(4) /build/glibc-Cl5G7W/glibc-2.23/elf/do-rel.h
58 3
-10 3
-1 6
+11 3
-11 3
+11 3
fe=(45)
258 1
-98 6
fi=(5)
301 8
fe=(45)
-43 1
fi=(4)
58 1
-10 1
-1 2
+11 1
-11 1
+11 1
fe=(45)
258 4
fi=(4)
58 4
-10 4
-1 8
+11 4
-11 4
+11 4
+3 15
fi=(5)
528 30
+4 30
+2 45
+1 15
fi=(4)
61 66
+2 92
+2 26
-4 3
+13 6
+1 5
+1 16
fi=(5)
528 8
+26 8
fi=(4)
75 8
fi=(5)
554 16
cob=(3)
cfi=(53) ???
cfn=(198) memcpy@GLIBC_2.2.5
calls=1 0 
* 11
cob=(3)
cfi=(52) /build/glibc-Cl5G7W/glibc-2.23/time/../sysdeps/unix/sysv/linux/x86/gettimeofday.c
cfn=(194) gettimeofday
calls=1 37 
* 66
cob=(3)
cfi=(51) /build/glibc-Cl5G7W/glibc-2.23/string/../sysdeps/x86_64/multiarch/strspn.S
cfn=(192) strspn
calls=1 30 
* 6
cob=(3)
cfi=(50)
cfn=(190)
calls=1 45 
* 6
cob=(3)
cfi=(46) /build/glibc-Cl5G7W/glibc-2.23/string/../sysdeps/x86_64/multiarch/strcmp.S
cfn=(188) strncasecmp
calls=1 129 
* 5
cob=(3)
cfi=(50)
cfn=(186)
calls=1 45 
* 6
cob=(3)
cfi=(47) /build/glibc-Cl5G7W/glibc-2.23/time/../sysdeps/unix/sysv/linux/x86/time.c
cfn=(180) time
calls=1 38 
* 66
cob=(3)
cfi=(46)
cfn=(178) strcasecmp
calls=1 109 
* 5
fi=(4)
75 8
fi=(5)
555 8
fi=(4)
75 11
fe=(45)
258 2
fi=(4)
75 14
fe=(45)
258 14
+3 16
+24 4
+3 8
+17 12
+2 32
fi=(4)
84 5
-1 5
+3 10
-3 5
+3 5
+12 15
+10 6
+3 8
fi=(5)
512 2
fi=(4)
112 4
fi=(5)
512 1194
fi=(4)
112 2380
fi=(5)
512 2380
+5 2384
+1 2384
fi=(4)
111 2384
fi=(5)
518 1192
fi=(4)
111 1192
+7 15
+6 4
-3 8
+3 10
fi=(5)
447 9
fi=(4)
127 372
+9 186
+3 93
-3 93
+3 93
fi=(5)
269 93
fi=(4)
138 93
-2 93
+1 372
fi=(5)
269 93
+21 186
+4 186
+7 1778
fi=(4)
137 76
fi=(5)
301 152
fi=(4)
137 76
fi=(5)
301 76
fi=(4)
137 76
fi=(5)
301 1216
cfi=(6)
cfn=(172)
calls=76 806 
* 42463
* 608
+2 237
+3 92
-3 184
+3 276
+6 558
fe=(45)
178 8
fi=(5)
435 237
fi=(4)
124 285
+19 6
fi=(5)
301 54
fi=(4)
108 3
fi=(5)
407 42
+4 70
+14 70
fe=(45)
313 20
+3 4
-3 8
+3 4
+4 8
+1 16
cfi=(39)
cfn=(126)
calls=4 84 
* 20
* 12
fi=(5)
123 15
+6 12
fe=(45)
258 3
fi=(4)
129 8
fi=(5)
301 87
fi=(4)
160 7
+2 20
+8 10
+1 5
-1 5
+1 5
fi=(5)
+98 5
fi=(4)
-99 15
fi=(5)
+99 5
+21 10
+4 10
+7 180
cfi=(6)
cfn=(172)
calls=5 806 
* 2409
fe=(45)

ob=(3)
fl=(47)
fn=(180)
38 1
-1 1
+1 6
fi=(48) /build/glibc-Cl5G7W/glibc-2.23/time/../sysdeps/generic/dl-hash.h
+10 3
+14 4
-17 3
+3 9
+14 12
-17 9
fe=(47)
-7 3
+3 2
-3 1
+3 1
cfi=(49)
cfn=(184)
calls=1 -14 
* 6
+1 3
+1 2

fl=(97) /build/glibc-Cl5G7W/glibc-2.23/stdio-common/_itoa.c
fn=(398) _itoa_word
168 422160
+2 211080
+9 1500240
+9 211080

fl=(79) /build/glibc-Cl5G7W/glibc-2.23/string/../sysdeps/x86_64/multiarch/../memset.S
fn=(320) __GI_memset
53 1
+1 1
+1 1
+1 1
+1 1
+2 1
+1 1
+17 1
+1 1
+1 1
+1 1
+1 1
+1 1
+1 1
+1 1
+1 1
+1 1
+1 1
+1 1
+1 1
+1 2
+3 1
+1 1
+1 1
+1 1
+1 1
+1 1
+1 1
-6 35
+1 35
+1 35
+1 35
+1 35
+1 35
+1 35
+1 1

fl=(87)
fn=(354)
28 1
+1 1
-1 2
+1 2
+5 3

fl=(52)
fn=(194)
37 1
-1 1
+1 6
fi=(48)
+11 3
+14 4
-17 3
+3 9
+14 12
-17 9
fe=(52)
-8 3
+3 2
-3 1
+3 1
cfi=(49)
cfn=(184)
calls=1 -13 
* 6
+1 3
+1 2

fl=(61) /build/glibc-Cl5G7W/glibc-2.23/ctype/ctype-info.c
fn=(238) __ctype_init
31 5
+2 1
+2 1
-4 1
+4 1
-4 1
+2 3
+2 3

fl=(51)
fn=(192)
30 1
+1 1
+1 1
+1 1
+1 1
+1 1

fl=(107) /build/glibc-Cl5G7W/glibc-2.23/stdlib/getenv.c
fn=(456) getenv
34 8
+1 1
cfi=(101) /build/glibc-Cl5G7W/glibc-2.23/string/../sysdeps/x86_64/strlen.S
cfn=(416) strlen
calls=1 +31 
* 16
* 1
+4 7
+3 2
+49 9
-24 1
+6 1
+2 1
-3 1
+3 334
+9 166

fl=(95) /build/glibc-Cl5G7W/glibc-2.23/libio/filedoalloc.c
fn=(382) _IO_file_doallocate
95 5
+15 6
cfi=(93) /build/glibc-Cl5G7W/glibc-2.23/libio/fileops.c
cfn=(384) _IO_file_stat
calls=1 1229 
* 14
* 2
+2 4
+11 3
+4 2
cob=(2) ???
cfi=(16) ???
cfn=(388) 0x0000000004c498a0
calls=1 0 
* 185
* 1
+2 1
-1 2
+2 4
cfi=(94) /build/glibc-Cl5G7W/glibc-2.23/libio/genops.c
cfn=(392) _IO_setb
calls=1 380 
* 18
+1 1
+1 5
-15 1
-2 9
+5 2

fl=(68) /build/glibc-Cl5G7W/glibc-2.23/csu/../csu/libc-start.c
fn=(266) (below main)
134 7
+4 1
-4 3
+4 3
+82 1
-82 1
+82 1
+1 4
cfi=(69)
cfn=(268)
calls=1 57 
* 60
+22 4
+3 2
+1 5
cob=(5) /home/yingran/SysProgram/fib
cfi=(65) ???
cfn=(272) __libc_csu_init
calls=1 0 
* 62419
+4 4
+15 2
+12 2
cfi=(85)
cfn=(350)
calls=1 30 
* 30
+1 2
+5 2
+1 2
+3 2
+3 6
cob=(5)
cfi=(65)
cfn=(356) main
calls=1 0 
* 1319043528
+34 2
cfi=(105) /build/glibc-Cl5G7W/glibc-2.23/stdlib/exit.c
cfn=(446) exit
calls=1 104 
* 725
138 2

fl=(77) /build/glibc-Cl5G7W/glibc-2.23/misc/sbrk.c
fn=(316) sbrk
34 2
+8 2
-8 6
+8 9
+4 4
+4 6
+12 5
-19 2
cfi=(78) /build/glibc-Cl5G7W/glibc-2.23/misc/../sysdeps/unix/sysv/linux/x86_64/brk.c
cfn=(318) brk
calls=1 -12 
* 12
* 4
+15 2
cfi=(78)
cfn=(318)
calls=1 -27 
* 12
* 2
+4 5

fl=(94)
fn=(396) _IO_default_xsputn
425 2
-3 10
+8 8
+25 9
cfi=(93)
cfn=(378) _IO_file_overflow@@GLIBC_2.2.5
calls=1 808 
* 33
* 2
+2 1
-2 2
+4 1
+1 1
-1 1
+1 5

fn=(380) _IO_doallocbuf
395 2
-1 3
+3 4
+1 3
cfi=(95)
cfn=(382)
calls=1 95 
* 265
* 2
+3 4

fn=(418) __overflow
230 3000
+2 3000
cfi=(93)
cfn=(378)
calls=1000 808 
* 134188

fn=(392)
380 3
+1 4
+3 1
+2 4
-3 1
+3 2
+3 3

fl=(78)
fn=(318)
31 16
+8 2
-6 4
+7 2

fl=(81)
fn=(326)
34 6
+6 2
cfi=(82)
cfn=(328)
calls=2 +7 
* 163

fl=(46)
fn=(188)
129 1
+1 1
+1 1
+1 1
+10 1

fn=(178)
109 1
+1 1
+1 1
+1 1
+10 1

fl=(72) /build/glibc-Cl5G7W/glibc-2.23/malloc/hooks.c
fn=(294) malloc_hook_ini
29 4
fi=(73)
260 1
fe=(72)
30 1
fi=(73)
260 1
fe=(72)
30 1
fi=(73)
260 1
fi=(71) /build/glibc-Cl5G7W/glibc-2.23/malloc/malloc.c
2911 7
+2 3
cfn=(308) _int_malloc
calls=1 3349 
* 1034
+3 1
-3 1
+3 1
+8 4
+2 11
fe=(72)
33 4
fi=(71)
2911 6
+12 1
cfi=(73)
cfn=(298)
calls=1 258 
* 58218
* 1
-15 2
fe=(72)

fl=(83)
fn=(330)
27 2
+1 1

fl=(71)
fn=(310) malloc_consolidate
4144 2
4996 4
1808 3
-3 2
+3 378
-3 252
+7 3
+5 1
+2 1
-2 2
-1 3

fn=(292) calloc
3172 1
+15 1
-15 3
+10 1
+5 2
-15 1
+10 1
+5 2
+8 2
+1 2
3311 5
-25 1
cfi=(79)
cfn=(320)
calls=1 53 
* 275
-87 3
cfi=(72)
cfn=(294)
calls=1 29 
* 59303
+4 1
-3 1
+3 2
-3 1

fn=(390) malloc
2902 2997
+5 1998
+1 1998
+3 7992
+2 2997
cfn=(308)
calls=999 3349 
* 144817
+3 999
-3 999
+3 999
+8 3996
+2 10989
+3 3996
-18 5994

fn=(308)
3349 3000
-30 2000
+30 1000
-30 4000
+30 3000
-30 1000
+30 3000
+4 3000
+14 2000
+2 1653
+2 551
-1 551
-1 551
+1 551
+5 1102
+29 2000
+2 2994
+1 2994
+2 998
-2 998
+2 1996
+39 8
+1 4
+1 2
cfn=(310)
calls=1 4144 
* 651

ob=(1)
fl=(45)
fn=(166)
fi=(5)
301 35
+2 15
+3 1
-3 2
+3 3
+6 30
435 15
fi=(4)
160 17
+14 2
fi=(5)
301 6
fe=(45)

fl=(32) /build/glibc-Cl5G7W/glibc-2.23/elf/dl-error.c
fn=(96) _dl_catch_error
163 6
+15 3
-3 6
+1 6
-13 6
+14 6
+1 3
+2 3
cfi=(2) /build/glibc-Cl5G7W/glibc-2.23/elf/rtld.c
cfn=(98) _dl_initial_error_catch_tsd
calls=3 664 
* 6
+2 3
-1 3
+4 3
-3 6
+3 3
-4 3
+4 3
cfi=(33) /build/glibc-Cl5G7W/glibc-2.23/setjmp/../sysdeps/x86_64/setjmp.S
cfn=(100) __sigsetjmp
calls=3 26 
* 60
* 9
+2 9
cfi=(41) /build/glibc-Cl5G7W/glibc-2.23/elf/dl-deps.c
cfn=(136) openaux
calls=2 60 
* 5525
cfi=(2)
cfn=(102) map_doit
calls=1 496 
* 2372
+1 6
+2 3
+1 3
-3 3
+1 6
+1 3
+9 3
-8 3
+8 9

fn=(150) _dl_receive_error
205 10
+1 1
cfi=(2)
cfn=(98)
calls=1 664 
* 2
+5 1
-1 1
-4 1
+9 1
+2 1
-3 1
+3 1
cfi=(2)
cfn=(152) version_check_doit
calls=1 529 
* 2432
+2 1
+1 1
+1 8

fl=(30) /build/glibc-Cl5G7W/glibc-2.23/elf/dl-tls.c
fn=(148) _dl_next_tls_modid
49 1
+3 4
+48 1
+4 2

fn=(164) _dl_allocate_tls_storage
354 3
+2 1
+11 3
cfi=(17)
cfn=(44) __libc_memalign
calls=1 52 
* 76
* 1
+1 2
+7 2
+4 1
-57 1
+57 296
-58 2
+1 2
cfi=(17)
cfn=(36)
calls=1 103 
* 38
* 1
+1 2
+3 1
+6 2
+64 5

fn=(88) _dl_count_modids
115 2
+1 2

fn=(162) _dl_determine_tlsoffset
138 7
+6 3
+3 2
+36 3
+2 10
+3 1
-1 1
+5 2
-5 3
+3 3
+2 5
+16 3
+2 2
-2 2
+2 2
+10 1
-37 2
+25 1
-25 4
+40 4
+1 1
+51 1
+1 8

fn=(200) _dl_add_to_slotinfo
890 3
+9 1
-9 1
+6 2
+8 5
+41 1
+1 3
+1 4

fn=(202) _dl_allocate_tls_init
450 2
-1 7
+5 1
+6 3
-6 1
+6 1
-4 1
+16 1
-15 3
+20 6
+6 16
+3 1
+1 2
+6 3
+3 1
-2 2
+2 4
+1 1
+3 1
-1 3
+4 2
+1 4
+2 2
+9 6
cfi=(25)
cfn=(70)
calls=1 61 
* 23
* 4
cfi=(26)
cfn=(72)
calls=1 53 
* 30
* 2
-38 3
+52 2
+2 1
+1 8

fl=(7) /build/glibc-Cl5G7W/glibc-2.23/elf/../elf/dl-sysdep.c
fn=(204) _dl_sysdep_start_cleanup
256 1

fn=(12) _dl_sysdep_start
86 8
+25 1
-1 1
+1 258
+6 1
-3 1
+1 1
-4 1
+3 1
+3 4
+1 2
-1 25
+1 108
-1 106
+62 1
+1 1
-1 1
+1 1
-29 1
+1 2
+11 1
+1 1
-1 1
+1 1
-7 1
+1 1
-1 1
+1 1
-4 1
+1 2
-25 1
+1 2
-4 1
+1 2
-7 1
+1 1
+2 1
+1 1
fi=(9)
-90 2
cfi=(10)
cfn=(18)
calls=1 -4 
* 11
fi=(5)
223 5
fi=(8) /build/glibc-Cl5G7W/glibc-2.23/elf/../sysdeps/x86/cpu-features.c
61 2
+3 1
-3 1
+3 9
175 3
+1 1
+3 2
+1 1
+2 2
+1 7
+7 3
+4 2
+2 4
+51 2
fe=(7)
-16 1
fi=(8)
+27 1
+1 1
+1 1
fe=(7)
-29 1
+1 1
cfi=(11) /build/glibc-Cl5G7W/glibc-2.23/string/../sysdeps/x86_64/strlen.S
cfn=(22) strlen
calls=1 66 
* 32
* 1
+2 2
cfi=(12)
cfn=(24)
calls=1 34 
* 17
* 3
+12 3
+3 5
cfi=(2)
cfn=(26) dl_main
calls=1 790 
* 87553
+1 1
+1 8
fi=(8)
-4 2
+1 2
+4 2
-52 2
+1 1
+6 3
+2 1
+3 3
+16 2
+1 1
+2 2
29 2
+4 1
-4 1
+5 1
-1 1
+2 1
-1 1
+1 1
-2 1
+1 1
+1 1
+1 1
-7 2
+3 1
+4 1
+5 1
+32 2
-32 1
+27 1
+5 1
+3 1
+1 8
+57 2
-66 2
+44 2
248 2
+3 2
fe=(7)

fl=(11)
fn=(22)
66 13
+1 13
+1 13
+1 13
+1 13
+1 13
+1 13
+2 13
+2 13
+30 12
+1 12
+1 12
+1 12
+1 12
+1 6
+1 6
+4 6
+1 6
+1 6
+1 6
+1 6
+1 6
+1 6
+1 6
+1 6
+1 6
+1 6
+1 6
+5 48
+4 1
+1 14
+1 8

fl=(22) /build/glibc-Cl5G7W/glibc-2.23/elf/dl-load.c
fn=(64) _dl_init_paths
689 1
+13 2
-13 8
+13 3
cfi=(23)
cfn=(66)
calls=1 39 
* 398
+5 1
-5 1
+5 1
cfi=(17)
cfn=(40)
calls=1 94 
* 29
* 1
+1 1
-2 1
+2 2
+8 1
-1 1
+1 3
-1 3
+4 4
cfi=(17)
cfn=(40)
calls=1 94 
* 29
* 1
+2 1
-2 1
+2 1
+17 2
+9 2
-19 1
+11 1
-1 1
+3 1
+1 1
-15 2
+23 1
-9 1
+9 5
-3 17
cfi=(26)
cfn=(72)
calls=4 53 
* 60
+3 27
-14 3
+2 3
+1 3
+2 6
-3 3
+4 9
+4 3
-3 3
+3 3
+1 3
-4 9
+4 3
+14 1
-11 1
+6 1
+1 1
+5 1
-12 1
+12 1
+2 4
+2 3
+38 5
+6 3
cfi=(27)
cfn=(74)
calls=1 24 
* 23
* 2
+2 3
cfi=(11)
cfn=(22)
calls=1 66 
* 16
* 8
cfi=(18) /build/glibc-Cl5G7W/glibc-2.23/string/../sysdeps/x86_64/multiarch/../memcpy.S
cfn=(46) memcpy
calls=1 61 
* 31
* 1
+17 133
+5 1
cfi=(17)
cfn=(40)
calls=1 94 
* 29
* 1
+1 1
-2 1
+2 1
+6 9
cfn=(76) fillin_rpath
calls=1 444 
* 609
+4 5
+6 1
+4 8
-70 1
-2 1
+2 2
+14 2

fn=(108) open_verify.constprop.7
1717 66
+39 6
-39 18
+39 22
+31 24
cfi=(24)
cfn=(110) open
calls=6 84 
* 46
+2 6
-2 6
+2 8
+10 2
+1 4
+5 16
cfi=(24)
cfn=(112) read
calls=2 84 
* 10
+2 4
+2 2
+2 2
-2 4
+2 2
+6 4
+16 8
cfi=(14) /build/glibc-Cl5G7W/glibc-2.23/string/../sysdeps/x86_64/multiarch/../memcmp.S
cfn=(30) bcmp
calls=2 24 
* 57
* 18
cfi=(14)
cfn=(30)
calls=2 24 
* 72
* 4
+74 4
+5 4
+2 8
+6 4
+11 4
+6 2
+1 2
-1 8
+1 2
-1 2
+1 4
+1 6
+20 106
+2 36
+4 8
+1 6
+12 14
+4 6
+5 1
+1 1
-13 4
cfi=(14)
cfn=(30)
calls=1 24 
* 25
* 8
cfi=(14)
cfn=(30)
calls=2 24 
* 60
* 6
+16 2
+3 7
+3 3
+1 5
-39 2
+67 20
-23 4
+23 28
1826 2
+7 4
cfi=(14)
cfn=(30)
calls=1 24 
* 24
* 2

fn=(138) open_path
2040 8
+1 1
+6 1
-6 1
+6 1
+5 9
+52 1
-59 1
-1 1
+60 1
-52 8
+74 4
-62 1
-9 1
+9 1
+7 4
cfi=(25)
cfn=(70)
calls=1 61 
* 31
+1 1
-1 1
+1 5
+20 8
-20 15
+3 8
+5 8
-1 4
+1 8
-1 12
cfi=(25)
cfn=(70)
calls=4 61 
* 85
* 16
cfi=(25)
cfn=(70)
calls=4 61 
* 92
-1 4
+7 4
-7 4
+7 4
+3 36
cfn=(108)
calls=4 1717 
* 176
* 4
+2 20
+67 7
+7 1
-2 1
+2 3
+3 3
+14 1
-27 1
+27 7
-84 8
+1 36
+6 4
+2 4
-2 4
+2 8
-2 4
+2 4
cfi=(42) /build/glibc-Cl5G7W/glibc-2.23/io/../sysdeps/unix/sysv/linux/wordsize-64/xstat.c
cfn=(140) _xstat
calls=4 34 
* 49
* 8
+1 1
+2 1
-2 1
+2 7
+7 3
-7 3
+7 9
-30 3
+23 6

fn=(114) _dl_map_object_from_fd
893 22
+10 2
-10 2
+10 2
-10 6
+10 2
cfi=(29) /build/glibc-Cl5G7W/glibc-2.23/elf/dl-debug.c
cfn=(86) _dl_debug_initialize
calls=2 50 
* 16
fi=(35) /build/glibc-Cl5G7W/glibc-2.23/elf/../sysdeps/posix/dl-fileid.h
37 6
fe=(22)
903 2
fi=(35)
37 2
cfi=(36) /build/glibc-Cl5G7W/glibc-2.23/io/../sysdeps/unix/sysv/linux/wordsize-64/fxstat.c
cfn=(120) _fxstat
calls=2 -3 
* 20
* 4
+4 2
fe=(22)
919 2
fi=(35)
40 2
+1 2
fe=(22)
919 29
+1 10
fi=(35)
49 12
fe=(22)
1465 16
937 4
+24 4
+10 4
+22 8
+32 4
904 2
1028 14
cfi=(15) /build/glibc-Cl5G7W/glibc-2.23/elf/dl-object.c
cfn=(32) _dl_new_object
calls=2 61 
* 882
+1 2
-1 2
+1 2
+11 4
+1 2
-1 2
+2 2
-1 2
+4 2
-1 4
-2 2
+2 4
+1 6
+1 2
+19 2
-2 2
+10 2
-8 12
+8 2
-8 6
+8 2
+87 2
+8 2
-8 8
+8 2
-8 6
-86 32
-1 136
+1 95
+6 4
+1 6
+1 2
+9 20
+5 32
+9 12
-1 12
+1 4
+1 8
+2 4
-2 4
+1 4
-1 4
+3 4
+4 4
-7 4
+2 4
+1 4
+4 4
+1 12
+4 6
-14 2
+14 12
+11 2
-11 6
-14 2
+14 12
+11 2
-44 2
+1 1
+46 3
+4 1
+1 1
+1 1
-1 2
+1 1
+3 3
+1 1
+3 1
-3 1
+7 4
+6 1
cfi=(30)
cfn=(148)
calls=1 49 
* 8
* 2
+1 1
+59 4
+1 6
+1 2
-6 4
+1 2
+8 6
1041 2
1229 2
1041 2
1229 2
+10 6
fi=(38) /build/glibc-Cl5G7W/glibc-2.23/elf/./dl-map-segments.h
56 4
fe=(22)
1239 6
fi=(38)
56 2
fe=(22)
1239 2
fi=(38)
56 2
fe=(22)
1239 4
fi=(38)
56 12
cfi=(37)
cfn=(122)
calls=2 -23 
* 70
+4 2
-4 2
+4 4
+3 4
+1 2
+2 2
-2 2
-1 2
+3 2
+10 4
fi=(40) /build/glibc-Cl5G7W/glibc-2.23/elf/./dl-load.h
+14 8
+1 6
+2 8
fi=(38)
+7 16
+6 2
+2 2
-2 2
+1 2
+2 2
-1 2
+1 2
-1 6
+8 4
+17 4
+12 4
-59 20
+2 4
+2 2
-2 4
+2 20
cfi=(37)
cfn=(122)
calls=2 -57 
* 62
* 6
fe=(22)
1251 8
+9 4
fi=(3) /build/glibc-Cl5G7W/glibc-2.23/elf/get-dynamic-info.h
39 2
fe=(22)
1260 2
fi=(3)
39 2
+6 2
-2 2
+2 4
+15 2
+5 2
+3 2
-1 2
-3 2
-3 36
+10 8
-26 24
+16 35
+10 35
-26 105
+26 2
-26 6
+2 90
+13 40
+2 8
+3 8
+13 4
+20 7
+1 8
+1 8
+1 8
+2 8
+5 8
+1 7
+1 8
+6 6
+5 4
+7 4
+1 6
+16 6
+5 1
+2 1
-2 1
+2 1
+2 2
+2 2
+3 6
+10 1
-8 4
+8 1
+5 2
+3 4
fe=(22)
1267 4
+15 6
+19 4
+2 10
+54 6
+1 2
+3 2
cfi=(24)
cfn=(132) close
calls=1 84 
* 5
* 2
cfi=(24)
cfn=(132)
calls=1 84 
* 5
* 4
+9 4
+2 6
+2 2
-2 2
+2 2
+16 4
cfi=(6)
cfn=(10)
calls=2 956 
* 46
+4 4
+1 4
+17 4
+9 2
-5 6
+5 2
+10 4

ob=(3)
fl=(71)
fn=(308)
3819 14000
-2 1000
+2 1000
-2 1000
+2 2000
5002 1000
3817 1000
+2 1000
5004 1000
3819 1000
5004 1000
3819 3000
5004 2000
3819 4000
5002 2000
3469 5000
3833 9000
3603 2000
+73 2000
+1 2000
+1 2000
+1 2000
+1 2000
+5 2000
+4 3000
+3 4000
-3 3000
+3 3992
-3 1996
+3 2994
3792 1000
+3 1000
-2 2000
+2 2000
+17 2
3605 6
+3 2
-3 2
+3 6
3448 6
1879 4
3827 3
cfn=(312) sysmalloc
calls=1 2268 
* 249
+1 2
-28 999
-3 999
+1 999
+2 999
-1 999
+1 1998
+2 999
-2 3996
+2 999
+3 999
1879 2997

fn=(312)
2268 8
+20 1
+11 1
-11 1
+11 1
+1 5
fi=(73)
488 3
fe=(71)
2315 5
+65 1
+1 3
+10 1
-9 1
+9 5
+6 4
+3 3
2723 2
+1 1
+8 4
+5 1
-3 1
+3 1
-2 1
+2 3
+1 1
-1 1
-1 1
+4 1
-3 2
+1 1
+8 9
2463 1
-8 4
+8 1
+21 5
cfi=(76) /build/glibc-Cl5G7W/glibc-2.23/malloc/morecore.c
cfn=(314) __default_morecore
calls=1 46 
* 62
* 1
+1 1
+3 4
+3 2
+1 2
+20 2
+26 2
+2 2
+6 1
-6 1
+6 1
2321 1
2464 1
+10 5
+8 1
-8 1
+8 1
+67 7
+37 2
+6 3
+19 1
+3 2
+1 5
+2 1
-2 1
+2 1
+1 3
cfi=(76)
cfn=(314)
calls=1 46 
* 25
+12 2
+8 1
+1 1
-1 2
+1 2
+39 1
+1 1
-2 1
+1 3
+12 1
-12 1
+1 1
+11 1
2539 5

fl=(101)
fn=(416)
66 1999
+1 1999
+1 1999
+1 1999
+1 1999
+1 1999
+1 1999
+2 1999
+2 1999
+30 1975
+1 1975
+1 1975
+1 1975
+1 1975
+1 146
+1 146
+4 1829
+1 1829
+1 1829
+1 1829
+1 1829
+1 1829
+1 1829
+1 1829
+1 1829
+1 1829
+1 1829
+1 1829
+5 11886
+4 24
+1 336
+1 156
+14 18
+1 18
+1 36
+49 18
+1 18
+1 18
+1 18
+1 18
+1 18
+1 18
+1 18
-7 1844
+1 1844
+1 1844
+1 1844
+1 1844
+1 1844
+1 1844
+1 1844
+2 934
+2 934
+1 934
+1 934
+1 934
+1 934
+1 934
+1 934
+1 934
+1 471
+4 928
+2 928
+1 12992
+2 928
+1 928
+1 928
+1 928
-6 463
+1 6482
+2 463
+1 463
+1 463
+1 463

fl=(70) /build/glibc-Cl5G7W/glibc-2.23/gmon/gmon.c
fn=(452) _mcleanup
418 1
+1 2
cfn=(322) moncontrol
calls=1 80 
* 111
+2 2
+1 1
cfn=(454) write_gmon
calls=1 -87 
* 560

fn=(454)
335 1
+8 1
-8 7
+8 1
cfi=(107)
cfn=(456)
calls=1 34 
* 548
+1 2

fn=(284) monstartup
101 2
+9 1
-9 2
+10 1
+13 1
-14 1
+1 1
-10 1
+9 1
+2 1
-1 1
+3 1
-2 1
+9 1
+3 1
-11 1
-1 1
+1 1
+11 1
-11 1
+10 1
+1 2
-11 2
+11 1
+1 2
+1 2
+5 2
-2 1
+2 2
cob=(1)
cfi=(66) /build/glibc-Cl5G7W/glibc-2.23/elf/../sysdeps/x86_64/dl-trampoline.h
cfn=(261) _dl_runtime_resolve_avx'2
calls=1 -67 
* 60207
* 5
+1 2
+15 1
-7 1
-1 1
+9 1
-7 1
+2 1
+5 1
-3 1
-2 1
+23 1
-18 1
+3 11
+18 1
-1 1
+1 4
-1 1
cfn=(322)
calls=1 -88 
* 192

fn=(322)
80 4
-4 2
+7 4
+9 5
cfi=(80)
cfn=(324)
calls=1 -28 
* 98
+1 1
+2 4
-9 5
cfi=(80)
cfn=(324)
calls=1 -22 
* 178
+1 2

fl=(93)
fn=(384)
1229 1
+1 3
cfi=(96)
cfn=(386)
calls=1 34 
* 10

fn=(394) _IO_do_write@@GLIBC_2.2.5
494 6003
+1 1
-3 16000
+11 4000
+7 8000
+8 10000
cfn=(402) _IO_file_write@@GLIBC_2.2.5
calls=2000 1258 
* 88193
* 2000
+1 10000
+6 2000
-4 2000
+4 2000
-4 6000
+1 4000
+3 2000
-2 2000
-29 8000
+1 12000
+29 4000

fn=(402)
1258 2000
-2 12000
+2 8000
+4 4000
+1 4000
+10 6000
+3 12000
-13 8000
cfi=(99) /build/glibc-Cl5G7W/glibc-2.23/io/../sysdeps/unix/syscall-template.S
cfn=(404) write
calls=2000 84 
* 14193
+1 4000
+5 2000
+1 2000
-12 10000

fn=(376) _IO_file_xsputn@@GLIBC_2.2.5
1287 316622
-1 633244
-6 1075420
+13 430168
+17 4
+4 107541
+5 430164
cfi=(98) /build/glibc-Cl5G7W/glibc-2.23/string/../sysdeps/x86_64/memcpy.S
cfn=(400) __GI_mempcpy
calls=107541 61 
* 1943338
* 107541
+6 107541
-1 107541
+1 215082
+2 215082
+27 215084
+1 1069416
-24 5
cfn=(378)
calls=1 808 
* 337
* 2
+6 2002
+1 3003
+2 3003
+11 2002
+1 4
cfi=(94)
cfn=(396)
calls=1 425 
* 75
* 2
-57 322623
+1 215082
+3 322623
+2 329293
-2 429944
+39 4004
-35 1000
+11 5000
+17 4000
cfn=(378)
calls=1000 808 
* 116005
* 2000

fn=(378)
808 6006
+7 2002
-8 10010
+8 10006
+35 4004
+3 2002
+3 3003
+1 3003
+1 4004
+4 1001
+1 4004
-45 2
+12 2
+9 4
+8 1
-4 1
+3 2
-2 2
-3 1
+1 2
+5 1
-1 1
+1 3
+1 2
+12 1000
-1 4000
cfn=(394)
calls=1000 494 
* 94188
* 2000
-8 2002
+12 3003
-12 1001
cfn=(394)
calls=1001 494 
* 94009
-31 2
cfi=(94)
cfn=(380)
calls=1 395 
* 283
+1 6

fl=(90) /build/glibc-Cl5G7W/glibc-2.23/stdio-common/printf.c
fn=(370) printf
28 844320
+4 105540
+1 211080
-1 527700
+1 316620
cfi=(91) /build/glibc-Cl5G7W/glibc-2.23/stdio-common/vfprintf.c
cfn=(372) vfprintf
calls=105540 1236 
* 49698387
+4 211080

fl=(74)
fn=(300)
126 9
+5 1
-5 2
+5 2
cob=(1)
cfi=(2)
cfn=(50) rtld_lock_default_lock_recursive
calls=1 704 
* 2
+2 2
cob=(1)
cfi=(66)
cfn=(261)
calls=1 -69 
* 1190
* 5
+2 2
30 1
+1 1
-1 1
+1 1
+3 2
+5 1
+6 1
-7 1
+2 2
+2 1
-2 1
+2 1
+3 1
+5 8
+2 1
+1 2
-1 1010
+1 2020
+2 3628
+9 2010
+7 24
-2 24
+2 2259
-2 2211
+2 5750
-10 11175
+2 8940
+1 14318
+7 1011
-21 2022
+49 3
+1 1
+1 3
+3 2
+37 2
cob=(1)
cfi=(2)
cfn=(52) rtld_lock_default_unlock_recursive
calls=1 710 
* 2
+3 9
-28 1
+1 1
+21 2

fl=(64) /build/glibc-Cl5G7W/glibc-2.23/elf/dl-altinit.c
fn=(248) dlinit_alt
33 3
+1 1

fl=(76)
fn=(314)
46 2
+1 2
cfi=(77)
cfn=(316)
calls=2 -13 
* 73
+1 6
+4 4

fl=(91)
fn=(372)
1236 844320
+31 316620
+8 316621
+4 527700
+11 527700
+11 105540
fi=(108) /build/glibc-Cl5G7W/glibc-2.23/stdio-common/printf-parse.h
108 316620
fe=(91)
1316 105540
-15 527700
fi=(108)
108 105540
cfi=(92) /build/glibc-Cl5G7W/glibc-2.23/string/../sysdeps/x86_64/strchr.S
cfn=(374) strchrnul
calls=105540 -84 
* 2110800
fe=(91)
1316 105540
fi=(108)
108 105540
fe=(91)
1312 105540
+4 211080
+4 844320
cfi=(93)
cfn=(376)
calls=105540 -33 
* 490558
* 422160
1685 527700
+3 105540
+1 844320
1275 211078
+41 633240
+1 1477560
1685 527700
+1 211080
1320 211080
+4 105540
-4 105540
+4 211080
+4 1266480
1552 211080
-21 211080
1632 211080
-1 211080
1370 1583100
-7 105540
-1 105540
-3 105540
-1 105540
+8 105540
+4 105540
-3 105540
-10 105540
-1 105540
-1 105540
-1 105540
-1 105540
+14 105540
-15 105540
-1 105540
-1 105540
-1 105540
+18 211080
1649 105540
+2 211080
+8 105540
fi=(108)
108 211080
fe=(91)
1659 105540
fi=(108)
108 105540
fe=(91)
1659 105540
fi=(108)
108 211080
cfi=(92)
cfn=(374)
calls=105540 -84 
* 2110800
fe=(91)
1663 105540
-4 105540
+4 1160940
cfi=(93)
cfn=(376)
calls=105540 1287 
* 633165
* 1372020
+2 316620
-34 6185040
cfi=(93)
cfn=(376)
calls=105540 1287 
* 7611930
* 1055400
+1 211080
-1 1266480
cfi=(97)
cfn=(398)
calls=105540 168 
* 2344560
* 5098275

fl=(92)
fn=(374)
24 211080
+1 211080
+1 211080
+1 211080
+1 211080
+1 211080
+1 211080
+1 211080
+1 211080
+1 211080
+1 211080
+1 211080
+1 211080
+1 211080
+1 211080
+1 211080
+1 211080
+1 211080
+2 211080
+7 211080

fl=(88) /build/glibc-Cl5G7W/glibc-2.23/gmon/../sysdeps/x86_64/_mcount.S
fn=(362) mcount
32 1999
+1 1999
+1 1999
+1 1999
+1 1999
+1 1999
+1 1999
+1 1999
+4 1999
+2 1999
+2 1999
cfi=(89) /build/glibc-Cl5G7W/glibc-2.23/gmon/mcount.c
cfn=(364) __mcount_internal
calls=1999 +13 
* 55964
+6 1999
+1 1999
+1 1999
+1 1999
+1 1999
+1 1999
+1 1999
+1 1999
+1 1999

fl=(103) /build/glibc-Cl5G7W/glibc-2.23/libio/putchar.c
fn=(440) putchar
25 998
+2 998
-2 998
+2 16966
+1 2994
fi=(102) /build/glibc-Cl5G7W/glibc-2.23/libio/libioP.h
866 1996
+1 7984
fe=(103)
31 2994
-3 1996
cfi=(94)
cfn=(418)
calls=998 230 
* 139908
* 1996

fl=(84)
fn=(332)
84 8
+1 2

fl=(60)
fn=(236)
24 1
+1 1
+1 1
+1 1
+1 1
+1 1
+1 1
+1 1
+1 1
+1 1
+1 1
+1 1
+1 1
+1 1
+1 1
+1 1
+1 1
+1 1
+1 1
+1 1
+1 1
+1 1
+1 1
+1 1

fl=(99)
fn=(404)
84 4000
cfn=(406) __write_nocancel
calls=2000 * 
* 10193

fn=(406)
84 10193

fl=(89)
fn=(364)
60 1999
+12 3998
-12 1999
+12 3998
+9 1999
+1 3998
+15 9990
+1 1998
+1 3996
+4 6
+1 2
-1 2
+1 2
+4 2
+1 4
+1 2
+1 2
+1 2
+57 2
+5 4
-5 1997
+5 3994
-59 5988
+1 5988
+4 1996
+1 1996

fl=(98)
fn=(400)
61 107541
+4 107541
+3 107541
+1 107541
+2 107451
+1 107451
+2 107451
+1 107451
+5 107451
+1 107451
-1 90
+1 90
+2 1990
+1 1990
+2 1990
+1 1990
+5 1990
+1 1990
-1 105551
+1 105551
+11 107541
+1 107541
+11 107541
+1 107541
+21 107541
+4 107541

fl=(100) /build/glibc-Cl5G7W/glibc-2.23/libio/ioputs.c
fn=(414) puts
33 8
+2 2
cfi=(101)
cfn=(416)
calls=2 +31 
* 32
+1 2
-1 2
+1 34
+3 6
+1 8
cfi=(93)
cfn=(376)
calls=2 1287 
* 144
* 4
+1 8
+1 8
fi=(102)
866 4
fe=(100)
38 4
fi=(102)
867 16
fe=(100)
46 10
-5 4
cfi=(94)
cfn=(418)
calls=2 230 
* 280
* 4

fl=(105)
fn=(446)
104 1
-1 1
+1 2
cfn=(448) __run_exit_handlers
calls=1 -69 
* 721

fn=(448)
35 8
+5 1
cfi=(106) /build/glibc-Cl5G7W/glibc-2.23/stdlib/cxa_thread_atexit_impl.c
cfn=(450) __call_tls_dtors
calls=1 145 
* 11
* 1
+6 5
+4 3
+3 1
-1 1
+2 5
+24 1
+4 1
-4 1
+2 1
+2 1
-2 2
+2 1
cfi=(70)
cfn=(452)
calls=1 418 
* 677

fl=(56) /build/glibc-Cl5G7W/glibc-2.23/csu/../csu/init-first.c
fn=(228) _init
52 8
+6 3
+14 1
fi=(58) /build/glibc-Cl5G7W/glibc-2.23/csu/../sysdeps/unix/sysv/linux/x86_64/init-first.c
-36 1
fe=(56)
+34 1
+1 1
fi=(58)
-35 3
fe=(56)
+36 1
fi=(58)
-36 3
fi=(57) /build/glibc-Cl5G7W/glibc-2.23/csu/../sysdeps/generic/dl-hash.h
+12 3
+14 4
-17 3
+3 9
+14 12
-17 9
fi=(58)
-9 3
+2 2
-2 1
+2 2
cfi=(49)
cfn=(184)
calls=1 -11 
* 6
+1 2
+5 2
-3 2
+1 1
+2 1
cfi=(49)
cfn=(184)
calls=1 -17 
* 6
fe=(56)
+42 3
fi=(58)
-41 2
+1 1
fe=(56)
+40 1
cfi=(59)
cfn=(234)
calls=1 -55 
* 48
+8 1
cfi=(61)
cfn=(238)
calls=1 -63 
* 16
+5 6
-34 1
-7 1
+7 4
fi=(58)
-25 2
fe=(56)

fl=(53)
fn=(198)
0 11

fl=(106)
fn=(450)
145 3
+1 4
+18 4

ob=(4) /usr/lib/valgrind/vgpreload_core-amd64-linux.so
fl=(55) ???
fn=(220) 0x0000000000000650
0 17

ob=(2)
fl=(16)
fn=(82) 0x0000000004000ab0
0 1
cob=(1)
cfi=(17)
cfn=(84) free
calls=1 120 
0 6

fn=(216) 0x0000000004a28530
0 6

fn=(274) 0x00000000004005a0
0 5
cob=(5)
cfi=(65)
cfn=(278) __gmon_start__
calls=1 0 
0 62362
0 2

fn=(388)
0 1
cob=(3)
cfi=(71)
cfn=(390)
calls=1 2902 
0 184

ob=(5)
fl=(65)
fn=(342) 0x0000000000400780
0 16

fn=(408) fib
0 4000
cob=(3)
cfi=(88)
cfn=(362)
calls=1000 32 
0 48004
0 1000
0 3019
cob=(3)
cfi=(100)
cfn=(414)
calls=1 33 
0 290
0 1
0 5
cob=(1)
cfi=(66)
cfn=(261)
calls=1 64 
0 1099
0 5
0 11978
cfn=(422) sum
calls=998 0 
0 1318152264
0 3000

fn=(422)
0 3992
cob=(3)
cfi=(88)
cfn=(362)
calls=998 32 
0 47908
0 998
0 5988
cob=(3)
cfi=(101)
cfn=(416)
calls=997 66 
0 56850
cob=(1)
cfi=(66)
cfn=(261)
calls=1 64 
0 875
0 1002
0 4990
cob=(3)
cfi=(101)
cfn=(416)
calls=998 66 
0 56796
0 998
0 6792890
cob=(3)
cfi=(71)
cfn=(390)
calls=997 2902 
0 190392
cob=(1)
cfi=(66)
cfn=(261)
calls=1 64 
0 1021
0 1002
0 1258956534
cob=(3)
cfi=(90)
cfn=(370)
calls=104540 28 
0 51109606
0 104540
0 631232
cob=(3)
cfi=(103)
cfn=(440)
calls=997 25 
0 179648
cob=(1)
cfi=(66)
cfn=(261)
calls=1 64 
0 1006
0 1002
0 2994

fn=(272)
0 15
cob=(2)
cfi=(16)
cfn=(274)
calls=1 0 
0 62369
0 8
cfn=(342)
calls=1 0 
0 16
0 11

fn=(252) _start
0 11
cob=(1)
cfi=(66)
cfn=(260) _dl_runtime_resolve_avx
calls=1 64 
0 1319107759
0 5

fn=(334) atexit
0 6
cob=(1)
cfi=(66)
cfn=(261)
calls=1 64 
0 981
0 5

fn=(278)
0 8
cob=(1)
cfi=(66)
cfn=(261)
calls=1 64 
0 61354
0 5
0 3
cfn=(334)
calls=1 0 
0 992

fn=(356)
0 4
cob=(1)
cfi=(66)
cfn=(261)
calls=1 64 
0 849
0 5
0 5002
cob=(3)
cfi=(90)
cfn=(370)
calls=999 28 
0 803966
cob=(1)
cfi=(66)
cfn=(261)
calls=1 64 
0 2028
0 1004
0 3000
cfn=(408)
calls=1000 0 
0 1318224665
0 3005

ob=(1)
fl=(22)
fn=(114)
1441 6
cfi=(15)
cfn=(48) _dl_add_to_namespace_list
calls=2 32 
* 82
+4 8
fi=(3)
68 8
+2 10
fe=(22)
1413 2
fi=(38)
119 4
+8 16
cfi=(26)
cfn=(72)
calls=2 -74 
* 283
* 8
-54 8
-1 12
cfi=(39)
cfn=(126)
calls=2 +12 
* 10
* 2
fi=(40)
+22 5
+1 11
+3 4
fi=(38)
+39 9
cfi=(37)
cfn=(122)
calls=1 33 
* 31
+3 3
fe=(22)
1255 2

fn=(76)
444 7
+2 1
-2 9
+4 3
cfi=(17)
cfn=(78) strsep
calls=1 -94 
* 238
* 3
cfi=(17)
cfn=(78)
calls=1 -94 
* 6
* 6
+7 2
+35 15
+1 8
+55 2
+2 2
cob=(2)
cfi=(16)
cfn=(82)
calls=1 0 
* 7
* 1
-39 2
+4 2
-1 4
cfi=(17)
cfn=(40)
calls=1 94 
* 29
* 1
+3 1
-3 1
+3 2
+5 1
+1 2
-2 1
+2 1
cfi=(25)
cfn=(70)
calls=1 61 
* 31
+3 1
-3 1
+1 1
+2 1
+6 2
+1 1
-1 2
+1 13
+1 11
-1 2
+3 2
+1 3
+7 1
+1 1
-1 2
383 3
cfi=(27)
cfn=(74)
calls=1 24 
* 23
* 2
+4 2
cfi=(28) /build/glibc-Cl5G7W/glibc-2.23/string/strdup.c
cfn=(80) strdup
calls=1 40 
* 94
* 1
+74 2
+5 2
cfi=(11)
cfn=(22)
calls=1 66 
* 16
+1 2
+7 6
+9 1
-4 3
+4 2
+26 2
+43 1
+3 9
-15 2
-9 2
-57 2

fn=(104) _dl_map_object
2189 21
+8 3
-8 6
+8 3
+1 12
+3 42
+5 49
+2 21
cfi=(34)
cfn=(106)
calls=7 288 
* 920
* 14
+4 12
+1 18
+3 2
+2 8
cfi=(19)
cfn=(54)
calls=2 144 
* 48
* 4
2500 24
2235 10
+9 2
-53 2
+53 4
+36 4
-2 2
+2 2
cfi=(27)
cfn=(74)
calls=2 24 
* 46
* 4
2431 2
383 3
cfi=(27)
cfn=(74)
calls=1 24 
* 47
* 2
+4 2
cfi=(28)
cfn=(80)
calls=1 40 
* 128
2432 1
-3 1
+3 2
+4 9
cfn=(108)
calls=1 1717 
* 299
+3 1
-3 1
+3 3
+12 3
+46 1
+1 3
-1 1
+1 9
cfn=(114)
calls=1 893 
* 1444
-1 1
+1 3
-1 1
+1 9
cfn=(114)
calls=1 893 
* 1789
* 6
2284 2
cfi=(11)
cfn=(22)
calls=1 66 
* 16
* 1
+2 1
-2 1
+2 1
+7 4
+35 2
+1 14
cfn=(138)
calls=1 2040 
* 777
+6 2
-6 1
+6 3
666 1
2336 1
666 2
2423 2
+28 3
+2 4
2297 1
+5 1
-5 1
+5 1
+3 2
-3 1
+3 7
-3 3
666 1
2303 1
666 2
2358 1
-14 1
+14 1
+2 3
+4 2
cfi=(43) /build/glibc-Cl5G7W/glibc-2.23/elf/dl-cache.c
cfn=(142) _dl_load_cache_lookup
calls=1 185 
* 1518
+2 1
-2 1
+2 1
+4 2
+8 3
+23 10
cfn=(108)
calls=1 1717 
* 370
+4 1
-4 1
+4 3
+1 2
-89 3
+1 8
666 1
2319 1
666 2

fl=(15)
fn=(32)
61 42
+1 3
cfi=(11)
cfn=(22)
calls=3 +4 
* 66
+6 3
-6 6
+6 6
+7 12
cfi=(17)
cfn=(36)
calls=3 +28 
* 171
* 3
+3 3
-3 3
+3 3
+4 3
+5 6
-6 3
+6 3
-5 3
+3 6
+2 3
cfi=(18)
cfn=(46)
calls=3 -26 
* 88
+10 3
-10 3
+10 3
-8 3
+9 6
-1 9
+1 9
+3 3
-4 3
+1 3
+3 3
+9 3
-7 3
+4 3
+3 9
+2 2
-2 2
+2 30
-2 30
+12 3
+6 3
-5 3
-1 3
+6 15
+2 2
+3 2
-3 2
+3 2
-3 4
+7 6
+4 4
+2 5
+6 1
+6 1
-3 2
+3 4
-3 4
+3 4
+2 6
cfi=(11)
cfn=(22)
calls=2 -91 
* 68
+4 2
-4 8
+4 6
+64 4
+4 24
68 30
+34 8
+39 8
+70 6
cfi=(25)
cfn=(70)
calls=2 61 
* 71
* 42
+6 40
-1 40
+1 42
-1 2
+1 6
+5 4
-89 2
+32 4
cfi=(17)
cfn=(40)
calls=2 -71 
* 58
* 2
+1 2
-1 2
+1 6
+2 1
-35 2

fn=(48)
32 15
+2 6
cfi=(2)
cfn=(50)
calls=3 704 
* 6
+2 3
-2 3
+2 19
+3 15
+2 2
+2 2
+4 2
+4 2
-4 4
+1 2
+4 4
-4 2
+1 2
+3 2
-3 2
+2 2
cfi=(2)
cfn=(52)
calls=2 710 
* 4
-4 1
+4 1
-4 2
+1 1
+4 2
-4 1
+1 1
+3 1
-3 1
+2 1
cfi=(2)
cfn=(52)
calls=1 710 
* 2
-5 2

fl=(17)
fn=(78)
354 4
+2 2
+1 4
+4 33
+7 84
-2 56
+13 1
+4 2
-7 14
-15 44

fn=(44)
52 66
+1 87
+11 63
+3 21
-3 21
+3 42
-3 3
+3 1
-3 1
+3 82
+4 8
+1 4
+6 16
cfi=(37)
cfn=(122)
calls=2 -45 
* 66
+2 10
+4 6
+3 2
+1 2
+2 10
-3 20
+1 20
+2 100
-31 2
-1 5

fn=(36)
103 8
+8 24
-4 8
+4 16
+3 8
cfn=(40)
calls=8 -20 
* 289
* 8

fn=(84)
120 1
+2 3
+7 2

fn=(40)
94 21
+1 42
cfn=(44)
calls=21 -43 
* 582
* 21

fl=(75) /build/glibc-Cl5G7W/glibc-2.23/elf/dl-open.c
fn=(306) _dl_find_dso_for_object
182 5
+1 4
+1 12
+1 2
+3 2
+4 1
-9 6

fl=(41)
fn=(134) _dl_map_object_deps
161 1
-1 1
+1 1
-1 4
+1 1
-1 2
+1 1
-1 2
+1 1
-1 2
+1 3
-15 1
+15 1
-17 1
+1 1
+1 1
+6 4
+26 1
-26 1
+26 7
-34 1
+2 1
+33 2
-33 1
-2 1
+2 2
-2 1
+1 1
+1 1
+6 3
+26 1
-26 1
+26 5
+4 1
+21 1
+1 1
-22 2
+19 1
-12 1
+15 1
-16 2
+13 1
317 9
217 1
-4 1
-4 1
+8 4
-4 3
-4 3
+8 3
+12 8
+2 2
+11 2
-5 2
-6 4
+5 2
+2 4
+1 4
+3 14
+50 6
+1 3
-51 192
+1 96
+6 10
cfi=(27)
cfn=(74)
calls=2 24 
* 70
* 4
+5 10
-3 2
+3 2
cfi=(32)
cfn=(96)
calls=2 -91 
* 5649
+2 6
+15 2
+2 4
+5 2
+6 2
+2 2
-8 4
+3 2
+1 2
+1 2
+1 2
+4 12
+7 138
459 12
+2 6
+2 6
cfi=(17)
cfn=(40)
calls=2 94 
* 58
* 2
+2 2
-2 2
+2 2
+4 8
-1 2
+1 2
cfi=(18)
cfn=(46)
calls=2 61 
* 41
+1 10
cfi=(18)
cfn=(46)
calls=2 61 
* 41
+4 2
-1 2
+5 22
+7 6
+1 1
+3 5
+10 4
cfi=(17)
cfn=(40)
calls=1 94 
* 29
* 1
+3 1
-3 1
+3 1
+5 6
+1 1
-1 3
+1 2
+8 2
+4 3
-4 1
-6 3
-2 3
+8 6
+4 9
-4 3
-6 9
+13 3
+51 3
+2 3
+42 1
-4 1
+5 2
-1 4
+1 2
cfi=(26)
cfn=(72)
calls=1 53 
* 15
* 1
-2 9
+7 1
-1 1
+1 1
-1 2
+7 1
-7 1
+7 2
-13 2
+7 2
-1 2
+1 2
-1 4
+7 2
-7 2
+7 6
+2 8
+1 4
-1 4
+1 3
+2 9
+1 6
+28 18
cfi=(26)
cfn=(72)
calls=2 53 
* 37
* 10
-6 3
-28 6
+31 10
-6 2
+16 2
+2 1
+1 1
-1 1
+2 3
+7 3
+3 3
+3 8
481 9
-1 4
+1 9
202 2
+27 8
-19 4
+8 25
+2 2
+2 8
+2 30
338 6
611 8
cfi=(18)
cfn=(46)
calls=1 61 
* 28
+2 1
-38 1
+38 1
209 2

fn=(136)
60 4
+7 2
-4 22
cfi=(22)
cfn=(104)
calls=2 2189 
* 5491
* 2
+5 4

fl=(33)
fn=(100)
26 3
+9 3
+1 6
+1 3
+4 3
+1 3
+1 3
+1 3
+1 3
+2 6
+2 3
+1 3
+1 3
+2 6
+2 3
+4 3
+1 3

fl=(24)
fn=(68)
84 12
+2 15

fn=(112)
84 8
+1 2

fn=(110)
84 28
+1 3
+1 20

fn=(132)
84 12
+1 3

fl=(18)
fn=(46)
61 14
+2 14
+2 14
+3 12
+1 12
+2 4
+1 4
+2 4
+1 4
+5 4
+1 4
-1 8
+1 8
+2 5
+1 5
+2 5
+1 10
+5 5
+1 5
-1 7
+1 7
+2 3
+1 3
+2 3
+1 3
+5 3
+1 3
-1 9
+1 9
+2 7
+1 7
+2 7
+1 7
+5 7
+1 7
-1 5
+1 10
+5 5
+1 5
+1 5
+1 5
+2 5
+2 5
+1 5
+2 5
+8 12
+8 6
+6 6
+2 6
+1 6
+3 1
+1 3
+5 1
+1 1
+2 1
+2 1
+1 1
+2 1
-8 5
+1 5
+2 5
+2 5
+1 5
+2 7
+9 1
+1 1
-1 5
+1 5
+3 6
+1 6
+1 6
+5 5
+2 5
+1 5
+1 5
+1 5
+2 5
+1 5
+1 5
+1 5
+2 5
+1 5
+2 5
+22 6
+6 6
+1 6
+2 2

fl=(14)
fn=(30)
24 13
+1 13
+1 13
+1 13
+1 13
+1 13
+1 13
+1 13
+3 13
+1 13
+1 5
+1 5
+1 5
+1 5
+1 5
+1 5
+1 5
+2 12
+1 12
+1 4
+1 4
+1 4
+1 4
+1 4
+1 4
+1 4
+2 12
+1 12
+1 5
+1 5
+1 5
+1 5
+1 2
+1 2
+1 2
+2 9
+1 9
+1 5
+1 5
+1 5
+1 5
+5 4
+1 4
+1 4
+1 4
+1 4
+1 4
+1 4
+1 2
+1 2
+1 2
+1 2
+1 2
+7 2
+2 3
+4 8
+1 8
+1 1
+1 1
+1 1
+1 1
+1 1
+1 1
+1 1
+1 1
+1 1
+1 1
+1 1
+4 9
+1 9

fl=(1) ???
fn=(0) 0x0000000000000c30
0 2
cfi=(2)
cfn=(2) _dl_start
calls=1 353 
0 88946
0 14
cfi=(54) /build/glibc-Cl5G7W/glibc-2.23/elf/dl-init.c
cfn=(212) _dl_init
calls=1 80 
0 1610
0 3
cob=(5)
cfi=(65)
cfn=(252)
calls=1 0 
0 1319107775

fl=(43)
fn=(142)
185 9
+8 2
+3 3
+51 2
+9 1
+6 2
-6 4
+6 1
cfi=(24)
cfn=(68)
calls=1 84 
* 9
+19 1
-19 1
+19 162
cfn=(146) _dl_cache_libcmp
calls=10 138 
* 699
* 45
-15 4
+15 14
cfn=(146)
calls=1 138 
* 71
* 7
-82 4
cfi=(34)
cfn=(144) _dl_sysdep_read_whole_file
calls=1 45 
* 94
+8 1
-8 1
+8 4
+1 4
cfi=(14)
cfn=(30)
calls=1 24 
* 38
* 2
+7 1
-3 1
+3 3
+3 1
+1 2
-1 1
+1 1
+1 4
cfi=(14)
cfn=(30)
calls=1 24 
* 32
* 2
+61 21
+16 2
+4 2
+8 3
cfi=(11)
cfn=(22)
calls=1 66 
* 34
* 2
+1 1
-1 4
+1 2
cfi=(18)
cfn=(46)
calls=1 61 
* 86
+1 2
cfi=(28)
cfn=(80)
calls=1 40 
* 109
+1 8
-31 9

fn=(146)
138 33
+1 24
+2 106
+2 53
-2 53
+2 2
+6 1
+2 1
-1 1
-1 1
+1 1
+1 4
+2 5
+2 2
+6 104
+2 188
+4 42
+1 42
-29 84
+32 3
-7 20

fn=(206) _dl_unload_cache
322 4
-1 1
+3 2
cfi=(39)
cfn=(208)
calls=1 84 
* 5
+1 1
+2 2

fl=(54)
fn=(212)
80 11
+1 1
+1 1
+3 3
+8 2
+1 2
+25 15
+1 12
-90 20
cfn=(214) call_init.part.0
calls=3 -2 
* 1450
* 3
+96 8
-96 2
+58 2
+16 1
cfn=(214)
calls=1 -76 
* 76
* 1

fn=(214)
28 20
+8 4
+3 4
-3 8
+3 12
+5 21
+5 4
+9 12
cob=(3)
cfi=(56)
cfn=(228)
calls=1 -6 
* 176
cob=(2)
cfi=(16)
cfn=(216)
calls=1 -58 
* 6
* 2
+4 4
+6 2
+2 4
-2 4
+3 10
+1 8
cob=(3)
cfi=(62)
cfn=(240)
calls=1 482 
* 1161
cob=(4)
cfi=(55)
cfn=(220)
calls=1 -72 
* 17
* 4
cob=(3)
cfi=(64)
cfn=(248)
calls=1 -39 
* 4
* 3
-1 6
+3 24
-29 3
-5 3

fl=(2)
fn=(98)
664 8

fn=(152)
529 2
+2 4
cfi=(44)
cfn=(154)
calls=1 380 
* 2422
* 2
+4 2

fn=(92) handle_ld_preload
757 7
+1 1
-1 1
-75 1
+86 1
-11 1
-75 6
+80 3
fi=(31) /build/glibc-Cl5G7W/glibc-2.23/elf/../string/bits/string2.h
961 1
+1 145
+1 46
-2 46
+2 46
-2 139
+2 1
-2 3
fe=(2)
766 2
+10 4
108 3
779 2
677 1
+5 5
-10 1
+4 1
+1 1
+1 1
+2 1
+2 1
cfi=(32)
cfn=(96)
calls=1 163 
* 2434
+1 3
+13 3
+84 1
-18 3
+21 9
-15 4
cfi=(18)
cfn=(46)
calls=1 61 
* 55
* 1
+1 2

fn=(26)
790 1
+19 1
-19 7
2390 1
790 3
+19 1
+3 1
-22 1
2385 1
812 1
+4 2
+1 2
+5 2
2383 2
+7 4
-4 1
+4 8
+2 2
cfi=(13)
cfn=(28)
calls=1 30 
* 118
* 4
cfi=(13)
cfn=(28)
calls=2 30 
* 435
* 9
+4 50
+1 19
-1 57
+3 4
+6 14
2553 3
+30 3
832 3
1033 7
cfi=(15)
cfn=(32)
calls=1 61 
* 250
+2 1
-2 1
+2 1
+1 1
+1 1
+5 2
-5 1
+1 2
+4 1
cfi=(15)
cfn=(48)
calls=1 32 
* 33
+1 3
799 1
1072 1
-3 1
-5 1
+1 1
+2 1
+5 7
+56 5
-55 24
-1 27
+1 47
1175 5
+3 2
+2 2
+2 3
+13 3
+1 6
cfi=(19)
cfn=(54)
calls=1 144 
* 44
* 2
+7 1
+3 1
-5 1
+3 1
+2 1
+1 2
+4 2
+2 2
fi=(3)
30 1
+9 2
+6 1
-2 1
+2 2
+15 1
+5 1
+3 1
+2 1
-3 1
-3 1
-3 14
+10 3
-26 9
+16 19
+10 19
-26 57
+26 1
-26 3
+2 46
+13 16
+2 4
+16 3
+38 3
+5 2
+7 2
+1 3
+16 3
+14 3
+18 2
fe=(2)
1218 2
cfi=(6)
cfn=(10)
calls=1 956 
* 23
+3 2
fi=(20) /build/glibc-Cl5G7W/glibc-2.23/elf/setup-vdso.h
24 2
fe=(2)
1243 1
cfi=(9)
cfn=(60)
calls=1 45 
* 93
* 8
-75 2
+1 2
+1 1
-6 2
+1 1
-88 3
+1 1
+50 2
-1 8
+2 4
+1 1
+3 2
+1 2
-1 2
+1 2
+1 2
+1 6
+1 2
-43 1
-2 2
+27 1
-25 2
+7 1
-10 1
+10 1
-19 3
+1 1
fi=(3)
65 4
+3 4
+2 4
fe=(2)
2480 1
+1 1
-1 2
+1 3
cfi=(14)
cfn=(30)
calls=1 24 
* 31
* 2
-55 4
cfi=(14)
cfn=(30)
calls=1 24 
* 18
* 2
+7 4
cfi=(14)
cfn=(30)
calls=1 24 
* 36
* 2
+2 3
+48 3
1248 2
cfi=(22)
cfn=(64)
calls=1 689 
* 1578
+3 3
cfi=(29)
cfn=(86)
calls=1 50 
* 17
+7 1
-7 1
+2 1
+5 1
+3 3
+1 1
+3 1
-3 3
+1 2
+3 1
+5 1
-7 1
+7 1
+1 5
+17 2
+1 2
+5 1
-3 4
+2 2
+1 3
+5 3
+1 5
+2 2
+1 2
+5 2
+5 1
805 1
1314 2
1491 1
cfi=(30)
cfn=(88)
calls=1 115 
* 4
* 1
+8 3
+3 1
+4 3
+5 1
+1 1
cfi=(29)
cfn=(90) _dl_debug_state
calls=1 74 
* 1
+1 1
+4 3
+15 3
+4 1
-2 1
+2 2
+2 3
+1 1
-1 2
+1 1
cfn=(92)
calls=1 757 
* 2986
* 1
+1 1
+2 6
+10 3
cfi=(24)
cfn=(68)
calls=1 84 
* 9
* 2
+77 1
-96 1
+96 3
+17 3
+1 1
-1 1
+1 2
-1 1
+1 5
cfi=(41)
cfn=(134)
calls=1 161 
* 7045
+1 1
+2 2
+3 1
-3 3
+3 1
-3 1
+3 3
+1 4
-1 2
+1 12
-1 6
+4 3
+1 3
+1 1
+2 2
+1 6
-1 5
+1 5
-1 3
-3 1
+16 1
+1 2
-1 1
+1 1
+2 1
+2 3
+2 1
-4 1
+5 1
-1 2
+14 2
+1 2
+1 3
+11 1
+2 1
-2 1
+2 2
-1 1
+1 1
-2 3
+2 1
cfi=(32)
cfn=(150)
calls=1 205 
* 2462
+10 1
+1 1
-1 1
+1 1
+1 1
cfn=(160) init_tls
calls=1 589 
* 619
* 1
+2 2
719 1
+2 3
fi=(109) /build/glibc-Cl5G7W/glibc-2.23/elf/../sysdeps/unix/sysv/linux/dl-osinfo.h
77 1
fe=(2)
730 1
+7 1
-5 1
1729 3
1959 3
2129 4
+2 1
+5 3
cfi=(30)
cfn=(202)
calls=1 450 
* 147
+3 2
+9 3
+2 2
+15 1
+2 1
-2 2
+3 1
-3 1
+3 1
-3 1
+3 3
cfi=(45)
cfn=(166)
calls=1 149 
* 3984
+1 1
+2 6
+8 1
cfi=(7)
cfn=(204)
calls=1 256 
* 1
+4 3
+20 3
cfi=(29)
cfn=(86)
calls=1 50 
* 8
+1 1
-1 1
+2 1
cfi=(29)
cfn=(90)
calls=1 74 
* 1
+1 1
+4 1
cfi=(43)
cfn=(206)
calls=1 322 
* 15
+5 8
2080 3
+7 1
+2 3
+19 1
-19 4
+2 1
+2 12
+5 8
+2 8
+6 4
+2 8
+1 24
cfi=(45)
cfn=(166)
calls=3 149 
* 66419
+4 14
-22 10
+25 1
+2 5
+6 1
-6 1
+6 1
-10 2
cfi=(30)
cfn=(200)
calls=1 890 
* 20
* 1
-12 1
+1 1
-3 2
-85 1
+11 1
-7 1
-4 1
+4 3
+4 2
+3 1
1672 2
-39 5
+1 1
-1 3
+4 3
+1 1
+1 2
+1 2
1237 3

fn=(50)
704 8

fn=(160)
589 1
+6 1
-6 1
+2 2
+4 1
+10 4
cfi=(17)
cfn=(36)
calls=1 103 
* 38
* 1
+11 1
-5 1
-7 1
+6 1
+2 1
-1 1
+5 1
+2 1
-1 1
+1 10
+2 8
+4 1
+2 1
-2 2
-5 8
+9 3
+3 1
cfi=(30)
cfn=(162)
calls=1 138 
* 71
+7 1
cfi=(30)
cfn=(164)
calls=1 354 
* 439
+1 1
-1 1
+1 1
+6 1
+3 1
-3 1
+3 6
+3 1
+2 1
+1 2

fn=(2)
353 9
+18 4
fi=(5)
59 1
fe=(2)
371 1
fi=(3)
45 1
fi=(5)
+14 2
fe=(2)
397 1
fi=(3)
45 1
fe=(2)
394 1
fi=(3)
45 1
+25 2
-3 1
-7 1
+5 1
+3 1
+2 1
-3 1
-3 1
-3 2
-13 26
+23 13
-26 39
+26 1
-26 3
+2 36
+13 20
+1 16
+10 4
-26 12
+33 2
+20 4
+1 4
+1 4
+1 4
+2 4
+5 4
+1 4
+1 4
+6 3
+5 2
+7 3
+1 3
+8 3
+2 3
+3 2
+1 2
fe=(2)
408 2
302 1
415 1
302 1
cfi=(6)
cfn=(10)
calls=1 956 
* 23
+1 2
+1 2
+1 2
+1 2
+8 1
+9 1
-9 3
+9 1
-6 1
-3 1
+9 1
cfi=(7)
cfn=(12)
calls=1 86 
* 88298
* 1
+9 1
+3 4
+4 1
-4 1
+4 1
440 9
fi=(3)
62 4
+3 4
fe=(2)
413 26
fi=(4)
84 1
+27 1
-28 1
+28 2
+1 2
fi=(5)
517 2
fi=(4)
112 18
fi=(5)
517 18
+1 20
fi=(4)
111 20
fi=(5)
518 10
fi=(4)
111 10
+5 2
+8 1
fi=(5)
312 1
fi=(4)
124 2
+12 1
+1 3
fi=(5)
266 1
fi=(4)
137 1
fi=(5)
294 1
fi=(4)
137 2
fi=(5)
294 1
fi=(4)
136 5
+1 15
fi=(5)
266 5
fi=(4)
137 5
fi=(5)
294 5
fi=(4)
137 10
fi=(5)
294 5
+9 12
+3 6
-3 12
+3 18
+6 36
fi=(3)
68 4
+2 3
fi=(5)
425 12
fi=(4)
124 19
fe=(2)

fn=(52)
710 8

fn=(102)
496 1
+2 1
-2 1
+3 8
cfi=(22)
cfn=(104)
calls=1 2189 
* 2358
* 1
+2 2

fl=(42)
fn=(140)
34 4
-1 4
+1 4
+1 24
+4 1
-4 12

fl=(19)
fn=(54)
144 214
+1 214
+2 214
+1 214
+21 214
+1 214
+1 162
+1 162
+1 160
+1 160
+1 160
+1 160
+21 160
+1 160
+1 160
+1 160
+1 160
+1 160
+1 160
+5 5
+1 5
+9 5
+1 5
+1 5
+1 5
+1 5
+1 5
+1 5
+1 5
-7 54
+1 54
+1 54
+1 54
+1 54
+1 54
+1 54
+1 54
+1 58
+1 23
+1 23
+1 23
+2 23
+1 23
+1 23
+1 23
+1 23
+1 23
-5 35
+1 35
+1 35
+1 35
+1 35
+1 35
+10 1
+1 1
+1 1
+2 1
+6 1
+1 1
+1 1
+1 1
+1 1
+5 1
1071 1
+1 1
+1 1
+1 1
+1 1
+2 1
+1 1
+1 1
+1 1
+1 1
+1 1
+1 1
1196 4
+1 4
+1 4
+1 4
+1 4
+2 4
+1 4
+1 4
+1 4
+1 4
+1 4
+1 4
1321 44
+1 44
+1 44
+1 44
+1 44
+2 44
+1 44
+1 44
+1 44
+1 44
+1 44
+1 44
1571 2
+1 2
+1 2
+1 2
+1 2
+2 2
+1 2
+1 2
+1 2
+1 2
+1 2
+1 2
+1 1
+4 1
+1 1
+1 1
+6 1
+1 1
+1 2
+4 1
+1 1
+3 1
+1 1
+1 1
+3 1
+1 1
+1 1
+6 1
+1 1
+1 1
+1 1
+1 1
+1 1
+72 1
+1 1
+1 1
+1 1
+1 1
+2 1
+1 1
+1 1
+1 1
+1 1
+1 1
+1 1
1821 3
+1 3
+1 3
+1 3
+1 3
+2 3
+1 3
+1 3
+1 3
+1 3
+1 3
+1 3
+1 3
+4 3
+1 3
+1 3
+6 3
+1 3
+1 6
+4 3
+1 3
+3 3
+1 3
+1 3
+3 3
+1 3
+1 3
+6 3
+1 3
+1 3
+1 3
+1 3
+1 3
+72 2
+1 2
+1 2
+1 2
+1 2
+2 2
+1 2
+1 2
+1 2
+1 2
+1 2
+1 2
+1 2
+4 2
+1 2
+1 2
+6 2
+1 2
+1 4
+4 2
+1 2
+3 2
+1 2
+1 2
+3 2
+1 2
+1 2
+6 2
+1 2
+1 2
+1 2
+1 2
+1 2
+72 1
+1 1
+1 1
+1 1
+1 1
+2 1
+1 1
+1 1
+1 1
+1 1
+1 1
+1 1
+2 1
+4 1
+1 1
+1 1
+6 1
+1 1
+2 2
+4 1
+1 1
+3 1
+1 1
+1 1
+3 1
+1 1
+1 1
+6 1
+1 1
+1 1
+1 1
+1 1
+1 1
+74 7
+2 7
+1 7
+1 7
+1 7
-3 52
+1 52
+1 52
+1 52
+1 69
+5 23
+6 23
+1 23
+8 23
+1 23
-16 191
+6 191
+1 191
+8 191
+1 191

fl=(34)
fn=(106)
288 245
+1 98
cfi=(19)
cfn=(54)
calls=49 144 
* 1662
* 49
+1 49
-1 49
+3 49
+2 98
+4 50
-4 100
+1 159
cfi=(19)
cfn=(54)
calls=53 144 
* 1882
* 106
-5 3
+11 61
-1 46
+1 184

fn=(144)
45 2
+7 1
-7 3
+7 1
-7 3
+7 1
cfi=(24)
cfn=(110)
calls=1 +32 
* 5
+1 2
+2 5
cfi=(36)
cfn=(120)
calls=1 -21 
* 10
* 2
+2 1
+3 1
-3 1
+3 1
+13 2
cfi=(24)
cfn=(132)
calls=1 +11 
* 5
+3 7
-14 6
cfi=(37)
cfn=(122)
calls=1 -29 
* 33
* 2

fl=(29)
fn=(90)
74 2

fn=(86)
50 8
+5 6
+5 2
-1 1
+1 2
+1 2
-1 1
+4 1
-13 4
+4 8
+4 1
-1 1
-58 4

fl=(36)
fn=(120)
34 3
-1 3
+1 3
+1 18
+4 3

fl=(25)
fn=(70)
61 17
+4 17
+3 16
+1 16
+2 7
+1 7
+2 7
+1 7
+5 7
+1 7
-1 9
+1 9
+2 10
+1 10
+2 10
+1 10
+5 10
+1 10
-1 6
+1 6
+2 5
+1 5
+2 5
+1 5
+5 5
+1 5
-1 11
+1 11
+2 7
+1 7
+2 7
+1 14
+5 7
+1 7
-1 9
+1 11
+5 2
+1 2
+1 2
+1 2
+2 2
+2 2
+1 2
+2 2
+6 16
+4 16
+12 2
+2 2
+1 2
+26 2
+1 2
+3 2
+1 2
+1 2
+5 2
+2 2
+1 2
+1 2
+1 2
+2 2
+1 2
+1 2
+1 2
+2 2
+1 2
+2 2
+22 2
+2 2
+2 1
+7 1

fl=(66)
fn=(260)
64 1
+3 1
+2 1
+2 1
+3 1
+1 1
+1 1
+1 1
+1 1
+1 1
+1 1
+1 1
+1 1
+1 1
+1 1
+1 1
+1 1
+1 1
+1 1
+5 1
+1 1
+1 1
+1 1
+14 1
+1 1
+1 1
cfi=(67)
cfn=(262)
calls=1 -46 
* 889
+1 1
+5 1
+1 1
+1 1
+1 1
+13 1
+1 1
+1 1
+1 1
+1 1
+1 1
+1 1
+1 1
+1 1
+1 1
+1 1
+1 1
+1 1
+1 1
+1 1
+2 1
+2 1
+4 1
+3 1
cob=(3)
cfi=(68)
cfn=(266)
calls=1 -25 
* 1319106820

fn=(261)
64 10
+3 10
+2 10
+2 10
+3 10
+1 10
+1 10
+1 10
+1 10
+1 10
+1 10
+1 10
+1 10
+1 10
+1 10
+1 10
+1 10
+1 10
+1 10
+5 10
+1 10
+1 10
+1 10
+14 10
+1 10
+1 10
cfi=(67)
cfn=(262)
calls=10 -46 
* 8064
+1 10
+5 10
+1 10
+1 10
+1 10
+13 10
+1 10
+1 10
+1 10
+1 10
+1 10
+1 10
+1 10
+1 10
+1 10
+1 10
+1 10
+1 10
+1 10
+1 10
+2 10
+2 10
+4 10
+3 10
cob=(3)
cfi=(103)
cfn=(440)
calls=1 25 
* 180
cob=(3)
cfi=(71)
cfn=(390)
calls=1 2902 
* 195
cob=(3)
cfi=(101)
cfn=(416)
calls=1 -93 
* 16
cob=(3)
cfi=(100)
cfn=(414)
calls=1 33 
* 290
cob=(3)
cfi=(90)
cfn=(370)
calls=1 28 
* 1155
cob=(3)
cfi=(88)
cfn=(362)
calls=1 32 
* 32
cob=(3)
cfi=(69)
cfn=(268)
calls=1 57 
* 66
cfi=(75)
cfn=(306)
calls=1 +23 
* 32
cob=(3)
cfi=(71)
cfn=(292)
calls=1 3172 
* 59608
cob=(3)
cfi=(70)
cfn=(284)
calls=1 -58 
* 60472

fl=(28)
fn=(80)
40 12
+1 3
cfi=(11)
cfn=(22)
calls=3 +25 
* 84
* 3
+1 6
cfi=(17)
cfn=(40)
calls=3 +52 
* 87
* 3
+2 6
+4 3
-1 6
+1 6
-1 6
cfi=(18)
cfn=(46)
calls=3 +14 
* 106

totals: 1319210877
